image: nsh4f.pgm
resolution: 0.100000
origin: [-6.700000, -34.599999, -nan]
negate: 0
occupied_thresh: 0.65
free_thresh: 0.196

