image: map.pgm
resolution: 0.100000
origin: [-6.700000, -34.500001, -nan]
negate: 0
occupied_thresh: 0.65
free_thresh: 0.196

